0
Generation 0:
0 0 0 0 1 0 0 0 0 0 
0 - 0
1 0 0 0 0 0 0 0 0 0 
1 - 0
0 0 0 0 0 0 0 0 1 0 
2 - 0
0 0 1 1 0 1 1 1 1 1 
3 - 0
0 1 1 1 0 0 0 0 0 0 
4 - 0
1 1 1 1 1 1 1 1 0 1 
5 - 0
1 1 1 1 1 1 0 1 1 1 
6 - 0
0 0 0 0 0 0 0 0 0 0 
7 - 0
1 0 0 0 1 0 0 0 0 0 
8 - 0
0 0 0 0 0 0 0 1 0 0 
9 - 0
Generation 1:
1 1 1 1 1 1 1 1 0 1 
0 - 9
0 0 1 1 0 1 1 1 1 1 
1 - 7
1 0 0 0 1 0 0 0 0 0 
2 - 5
0 1 0 1 1 1 1 1 0 1 
3 - 5
0 0 0 1 1 1 0 1 0 1 
4 - 4
0 0 1 0 0 0 1 0 1 0 
5 - 4
1 0 1 0 0 0 1 0 1 0 
6 - 3
1 1 1 1 0 1 1 1 1 1 
7 - 2
0 0 1 1 1 1 1 1 0 1 
8 - 2
1 1 1 1 1 1 0 1 1 1 
9 - 1
Generation 2:
1 1 1 1 1 1 1 1 0 1 
0 - 37
0 1 0 1 1 1 1 1 0 1 
1 - 22
0 0 1 1 1 1 1 1 0 1 
2 - 16
0 1 1 0 1 1 1 1 0 1 
3 - 9
1 1 0 0 1 1 1 1 0 1 
4 - 8
1 0 1 0 1 1 0 1 0 0 
5 - 7
1 0 1 0 0 1 0 1 1 0 
6 - 5
1 1 1 1 1 1 1 1 0 1 
7 - 1
0 1 0 1 1 1 1 1 0 1 
8 - 0
1 1 1 1 0 1 1 1 1 1 
9 - 0
Generation 3:
1 1 1 1 1 1 1 1 0 1 
0 - 37
1 1 1 1 1 1 1 1 0 1 
1 - 28
1 1 0 0 1 1 1 1 0 1 
2 - 26
1 1 0 1 1 1 0 1 0 1 
3 - 22
0 1 1 1 1 1 1 1 0 1 
4 - 19
0 1 0 0 0 1 1 1 1 1 
5 - 19
1 1 0 1 0 1 1 1 1 1 
6 - 16
1 1 1 1 1 1 1 1 0 1 
7 - 12
1 1 1 1 1 1 1 1 0 1 
8 - 0
1 1 1 1 0 1 1 1 1 1 
9 - 0
Generation 4:
1 1 1 1 1 1 1 1 0 1 
0 - 37
1 1 1 1 1 1 1 1 0 1 
1 - 37
1 1 1 1 1 1 1 1 0 1 
2 - 33
0 1 1 1 1 1 1 1 0 1 
3 - 28
1 1 0 1 1 1 1 0 0 1 
4 - 28
0 1 1 1 1 0 1 1 0 1 
5 - 28
0 1 1 1 1 0 1 1 0 1 
6 - 26
1 1 1 1 1 1 1 1 0 1 
7 - 23
1 1 1 1 1 1 1 1 0 1 
8 - 19
1 1 1 1 0 1 1 1 1 1 
9 - 0
37
Generation 5:
1 1 1 1 1 1 1 1 0 1 
0 - 37
1 1 1 1 1 1 1 1 0 1 
1 - 37
1 1 1 1 1 1 1 1 0 1 
2 - 37
0 1 1 1 1 1 1 1 0 1 
3 - 37
0 1 1 1 1 1 1 1 0 1 
4 - 33
0 1 1 1 1 1 0 1 0 1 
5 - 31
0 1 1 1 1 1 0 1 0 1 
6 - 30
1 1 1 1 1 1 1 1 0 1 
7 - 30
1 1 1 1 1 1 1 1 0 1 
8 - 22
1 1 1 1 0 1 1 1 1 1 
9 - 0
Generation 6:
1 1 1 1 1 1 1 1 0 1 
0 - 37
1 1 1 1 1 1 1 1 0 1 
1 - 37
1 1 1 1 1 1 1 1 0 1 
2 - 37
1 1 0 1 1 1 1 1 0 0 
3 - 37
0 1 1 1 1 1 1 1 0 1 
4 - 37
0 1 1 1 1 1 1 0 0 1 
5 - 34
0 1 1 1 1 1 1 0 0 1 
6 - 30
1 1 1 1 1 1 1 1 0 1 
7 - 26
1 1 1 1 1 1 1 1 0 1 
8 - 26
1 1 1 1 0 1 1 1 1 1 
9 - 0
Generation 7:
1 1 1 1 1 1 1 1 0 1 
0 - 37
1 1 1 1 1 1 1 1 0 1 
1 - 37
1 1 1 1 1 1 1 1 0 1 
2 - 37
1 1 0 1 1 1 1 1 0 1 
3 - 37
0 1 1 1 1 1 1 1 0 1 
4 - 37
0 1 1 1 1 1 1 1 1 1 
5 - 30
0 1 1 1 1 1 1 1 1 1 
6 - 30
1 1 1 1 1 1 1 1 0 1 
7 - 25
1 1 1 1 1 1 1 1 0 1 
8 - 25
1 1 1 1 0 1 1 1 1 1 
9 - 0
Generation 8:
1 1 1 1 1 1 1 1 0 1 
0 - 37
1 1 1 1 1 1 1 1 0 1 
1 - 37
1 1 1 1 1 1 1 1 0 1 
2 - 37
1 1 0 0 0 0 0 0 1 0 
3 - 37
0 0 0 0 1 1 1 1 0 1 
4 - 37
0 0 0 0 0 0 0 0 1 0 
5 - 32
0 0 0 0 0 0 0 0 1 0 
6 - 30
1 1 1 1 1 1 1 1 0 1 
7 - 29
1 1 1 1 1 1 1 1 0 1 
8 - 29
1 1 1 1 0 1 1 1 1 1 
9 - 0
Generation 9:
1 1 1 1 1 1 1 1 0 1 
0 - 37
1 1 1 1 1 1 1 1 0 1 
1 - 37
1 1 1 1 1 1 1 1 0 1 
2 - 37
1 1 0 1 0 1 0 1 1 1 
3 - 37
0 1 0 1 1 1 1 1 0 1 
4 - 37
0 1 0 1 0 1 0 1 1 1 
5 - 35
0 1 0 1 0 1 0 1 1 1 
6 - 35
1 1 1 1 1 1 1 1 0 1 
7 - 35
1 1 1 1 1 1 1 1 0 1 
8 - 30
1 1 1 1 0 1 1 1 1 1 
9 - 0
37
Generation 10:
1 1 1 1 1 1 1 1 0 1 
0 - 37
1 1 1 1 1 1 1 1 0 1 
1 - 37
1 1 1 1 1 1 1 1 0 1 
2 - 37
1 1 0 1 1 0 1 1 1 1 
3 - 37
0 1 1 0 1 1 1 1 0 1 
4 - 37
0 1 1 0 1 1 0 1 0 0 
5 - 22
0 1 1 0 1 1 0 1 0 0 
6 - 16
1 1 1 1 1 1 1 1 0 1 
7 - 5
1 1 1 1 1 1 1 1 0 1 
8 - 5
1 1 1 1 0 1 1 1 1 1 
9 - 0
Generation 11:
1 1 1 1 1 1 1 1 0 1 
0 - 37
1 1 1 1 1 1 1 1 0 1 
1 - 37
1 1 1 1 1 1 1 1 0 1 
2 - 37
1 1 0 1 1 1 0 1 0 1 
3 - 37
0 1 1 1 1 1 1 1 0 1 
4 - 37
0 1 1 1 0 1 1 1 1 1 
5 - 28
0 1 1 1 0 1 1 1 1 1 
6 - 26
1 1 1 1 1 1 1 1 0 1 
7 - 19
1 1 1 1 1 1 1 1 0 1 
8 - 19
1 1 1 1 0 1 1 1 1 1 
9 - 0
Generation 12:
1 1 1 1 1 1 1 1 0 1 
0 - 37
1 1 1 1 1 1 1 1 0 1 
1 - 37
1 1 1 1 1 1 1 1 0 1 
2 - 37
1 1 0 1 1 1 1 0 0 1 
3 - 37
0 1 1 1 1 1 1 1 0 1 
4 - 37
0 1 1 1 1 0 1 1 0 1 
5 - 36
0 1 1 1 1 0 1 1 0 1 
6 - 28
1 1 1 1 1 1 1 1 0 1 
7 - 20
1 1 1 1 1 1 1 1 0 1 
8 - 20
1 1 1 1 0 1 1 1 1 1 
9 - 0
Generation 13:
1 1 1 1 1 1 1 1 0 1 
0 - 37
1 1 1 1 1 1 1 1 0 1 
1 - 37
1 1 1 1 1 1 1 1 0 1 
2 - 37
1 1 0 1 1 1 1 1 1 1 
3 - 37
0 1 1 1 1 1 1 1 0 1 
4 - 37
0 1 1 1 1 1 0 1 0 1 
5 - 30
0 1 1 1 1 1 0 1 0 1 
6 - 30
1 1 1 1 1 1 1 1 0 1 
7 - 26
1 1 1 1 1 1 1 1 0 1 
8 - 26
1 1 1 1 0 1 1 1 1 1 
9 - 0
Generation 14:
1 1 0 1 1 1 1 1 1 1 
0 - 37
1 1 1 1 1 1 1 1 0 1 
1 - 37
1 1 1 1 1 1 1 1 0 1 
2 - 37
1 1 1 1 1 1 1 1 1 0 
3 - 37
0 1 1 1 1 1 1 1 0 1 
4 - 37
0 1 1 1 1 1 1 0 0 1 
5 - 34
0 1 1 1 1 1 1 0 0 1 
6 - 30
1 1 0 1 1 1 1 1 0 1 
7 - 26
1 1 1 1 1 1 1 1 1 1 
8 - 26
1 1 1 1 0 1 1 1 1 1 
9 - 0
40
Generation 15:
1 1 0 1 1 1 1 1 1 1 
0 - 40
1 1 1 1 1 1 1 1 0 1 
1 - 37
1 1 1 1 1 1 1 1 0 1 
2 - 37
0 1 0 1 1 1 1 1 1 1 
3 - 37
1 1 0 1 1 1 1 1 0 1 
4 - 37
0 1 1 1 1 1 1 1 1 1 
5 - 37
0 1 0 1 1 1 1 1 1 1 
6 - 30
1 1 0 1 1 1 1 1 0 1 
7 - 25
1 1 1 1 1 1 1 1 1 1 
8 - 25
1 1 1 1 1 1 1 1 1 1 
9 - 0
Generation 16:
1 1 0 1 1 1 1 1 1 1 
0 - 40
1 1 1 1 1 1 1 1 0 1 
1 - 37
1 1 1 1 1 1 1 1 0 1 
2 - 37
1 1 1 0 0 0 0 0 0 0 
3 - 35
0 0 0 0 1 1 1 1 0 1 
4 - 30
0 0 0 0 0 0 0 0 1 0 
5 - 29
0 0 1 0 0 0 0 0 1 0 
6 - 29
1 1 0 1 1 1 1 1 0 1 
7 - 0
1 1 1 1 1 1 1 1 1 1 
8 - 0
1 1 1 1 1 1 1 1 1 1 
9 - 0
Generation 17:
1 1 0 1 1 1 1 1 1 1 
0 - 40
1 1 1 1 1 1 1 1 0 1 
1 - 37
1 1 1 1 1 1 1 1 0 1 
2 - 37
1 1 1 1 0 1 0 1 0 1 
3 - 35
0 1 0 1 1 1 1 1 0 1 
4 - 35
0 1 0 1 0 1 0 1 1 1 
5 - 35
0 1 1 1 0 1 0 1 1 1 
6 - 33
1 1 0 1 1 1 1 1 0 1 
7 - 33
1 1 1 1 1 1 1 1 1 1 
8 - 0
1 1 1 1 1 1 1 1 1 1 
9 - 0
Generation 18:
1 1 0 1 1 1 1 1 1 1 
0 - 40
1 1 1 1 1 1 1 1 0 1 
1 - 37
1 1 1 1 1 1 1 1 0 1 
2 - 37
1 1 1 1 1 0 1 1 0 1 
3 - 35
0 1 1 0 1 1 1 1 0 1 
4 - 22
0 1 1 0 1 1 0 1 0 0 
5 - 13
0 1 0 0 1 1 0 1 0 0 
6 - 7
1 1 0 1 1 1 1 1 1 1 
7 - 5
1 1 1 1 1 1 1 1 0 1 
8 - 0
1 1 1 1 1 1 1 1 1 1 
9 - 0
Generation 19:
1 1 0 1 1 1 1 1 1 1 
0 - 40
1 1 0 1 1 1 1 1 1 1 
1 - 37
1 1 1 1 1 1 1 1 0 1 
2 - 37
1 1 1 1 1 1 0 1 1 1 
3 - 35
0 1 0 1 1 1 1 1 1 1 
4 - 28
0 1 1 1 0 1 1 1 1 1 
5 - 23
0 1 1 1 0 1 1 1 1 1 
6 - 21
1 1 0 1 1 1 1 1 1 1 
7 - 19
1 1 0 1 1 1 1 1 1 1 
8 - 0
1 1 1 1 1 1 1 1 1 1 
9 - 0
40
